100, 403.35840142483704
105, 381.33581001526727
110, 364.3514786576281
115, 350.3212811120672
120, 335.2924096963723
125, 321.3051509079803
130, 310.3159680068043
135, 296.2853354454115
140, 287.2507615307573
145, 276.2607463973121
150, 267.2695268825086
155, 260.1922366251537
160, 251.24092023394596
165, 244.24782496472716
170,
175, 228.21919288263203
180, 222.22511109233358
185, 216.23135757794242
190, 210.1927686672403
195, 206.196508214858
200, 200.2023975880409
205, 195.20758181996928
210, 190.16834647227702
215, 186.17196351760379
220, 183.17477992343814
225, 178.13758727455584
230, 174.18381095842403
235, 171.18703221914913
240, 166.19265928433782
245, 163.19620093617377
250, 160.15305179733542
255, 156.1569723067145
260, 154.1590088188167
265, 151.11915828246265
270, 148.12157169028418
275, 145.1240848377691
280, 143.1258187749506
285, 140.12851244482687
290, 138.13037319865606
295, 136.13228860193308
300, 133.13526955694348
305, 132.09466302617983
310, 130.13838787997952
315, 128.09761902549164
320, 125.09996003196804
325, 124.10076550932311
330, 121.10326172320876
335, 120.10412149464314
340, 118.10588469674151
345, 117.10678887237921
350, 114.10959644131601
355, 113.11056537742175
360, 110.11357772772621
365, 109.1146186356347
370, 108.11567878897121
375, 106.1178590059185
380, 105.07616285342742
385, 103.07764064044152
390, 102.07840124139877
395, 101.1236866416568
400, 99.12618221237011
405, 99.12618221237011
410, 98.08159868191383
415, 97.082439194738
420, 95.08417323613851
425, 94.08506789071261
430, 92.0869154657707
435, 92.0869154657707
440, 91.08786966440702
445, 90.08884503644167
450, 88.09086218218096
455, 88.09086218218096
460, 87.09190547921202
465, 87.09190547921202
470, 85.09406559801923
475, 84.0535543567314
480, 83.09632964216891
485, 83.05419917138447
490, 81.09870529176159
495, 81.05553651663777
500, 80.09993757800315
505, 79.1012010022604
510, 79.1012010022604
515, 78.05767098754612
520, 78.10249675906654
525
530
535, 75.1065909225016
540, 74.10802925459562