60
403.35840142483704
65
381.33581001526727
70
364.3514786576281
75
350.3212811120672
80
335.2924096963723
85
321.3051509079803
90
310.3159680068043
95
296.2853354454115
100
287.2507615307573
105
276.2607463973121
110
267.2695268825086
115
260.1922366251537
120
251.24092023394596
125
244.24782496472716
130
135
228.21919288263203
140
222.22511109233358
145
216.23135757794242
150
210.1927686672403
155
206.196508214858
160
200.2023975880409
165
195.20758181996928
170
190.16834647227702
175
186.17196351760379
180
183.17477992343814
185
178.13758727455584
190
174.18381095842403
195
171.18703221914913
200
166.19265928433782
205
163.19620093617377
210
160.15305179733542
215
156.1569723067145
220
154.1590088188167
225
151.11915828246265
230
148.12157169028418
235
145.1240848377691
240
143.1258187749506
245
140.12851244482687
250
138.13037319865606
255
136.13228860193308
260
133.13526955694348
265
132.09466302617983
270
130.13838787997952
275
128.09761902549164
280
125.09996003196804
285
124.10076550932311
290
121.10326172320876
295
120.10412149464314
300
118.10588469674151
305
117.10678887237921
310
114.10959644131601
315
113.11056537742175
320
110.11357772772621
325
109.1146186356347
330
108.11567878897121
335
106.1178590059185
340
105.07616285342742
345
103.07764064044152
350
102.07840124139877
355
101.1236866416568
360
99.12618221237011
365
99.12618221237011
370
98.08159868191383
375
97.082439194738
380
95.08417323613851
385
94.08506789071261
390
92.0869154657707
395
92.0869154657707
400
91.08786966440702
405
90.08884503644167
410
88.09086218218096
415
88.09086218218096
420
87.09190547921202
425
87.09190547921202
430
85.09406559801923
435
84.0535543567314
440
83.09632964216891
445
83.05419917138447
450
81.09870529176159
455
81.05553651663777
460
80.09993757800315
465
79.1012010022604
470
79.1012010022604
475
78.05767098754612
480
78.10249675906654
485
490
495
75.1065909225016
500
74.10802925459562